-5.675836254977973283e+00
1.433100594029565045e+01
7.269422448234614365e+00
2.483836282217927405e+01
2.646084724152788681e+01
1.947761692512065679e+01
3.746942904208020764e+01
3.082641077652352379e+01
3.328825316906376486e+01
5.334774237131085783e+01
6.043759495721319297e+01
6.422867347771683910e+01
5.381573178835988358e+01
6.028241302828486425e+01
7.336472002852157459e+01
6.923217847443153516e+01
7.217857667779821895e+01
8.975447616269329387e+01
9.024745864734532574e+01
8.784845294437900520e+01
1.011584934804564853e+02
9.559358343019471249e+01
1.077037757911581934e+02
1.184072661808714884e+02
1.268072095091498284e+02
1.224833253074746580e+02
1.344333493008053040e+02
1.410641317553500187e+02
1.454092244356665162e+02
1.396976073072250415e+02
1.480592882967510207e+02
1.487054459418479553e+02
1.498237556576872294e+02
1.579596763242346356e+02
1.731104141370478544e+02
1.753382999438541106e+02
1.662775370081605502e+02
1.770872690048492188e+02
1.858343629688409351e+02
1.927630550785620756e+02
1.981034833386629543e+02
2.080800468436372057e+02
2.004588083642105971e+02
2.077446637447530975e+02
2.227959026686887398e+02
2.102391278523707285e+02
2.266914253937730734e+02
2.246689625981848053e+02
2.237834960150541690e+02
2.480234626633080097e+02
2.447515977137254026e+02
2.472758737069081292e+02
2.623655087782677242e+02
2.475195175261397367e+02
2.703989326016429686e+02
2.709811498350412649e+02
2.709339040185806198e+02
2.775427460244811186e+02
2.767196800860573944e+02
2.937106730174319296e+02
2.866823369570254272e+02
2.995452037443079121e+02
3.012283970247383422e+02
3.051901526387356967e+02
3.038250547434234932e+02
3.100836744350423828e+02
3.213730651074280331e+02
3.261266276451958674e+02
3.375219329347970074e+02
3.317682948333578565e+02
3.321872157072328946e+02
3.396312062109537919e+02
3.408122829238345162e+02
3.532417285167168757e+02
3.528828306291964623e+02
3.718227305666567304e+02
3.731284659148600440e+02
3.651436419735735512e+02
3.802054958075000854e+02
3.761099980145900190e+02
3.962707342197765570e+02
3.894699985000358993e+02
4.043974236329494829e+02
4.005098823885853108e+02
4.053154092664640302e+02
4.136956035820959414e+02
4.175894391130727286e+02
4.241580386680652168e+02
4.192671268884700453e+02
4.326103018877278146e+02
4.268277252688702106e+02
4.491095760261816281e+02
4.403898703371841066e+02
4.492753499427273596e+02
4.567453773482470183e+02
4.547368316918353912e+02
4.566124666220211452e+02
4.642271145305652453e+02
4.678882154178272117e+02
4.687039347046683702e+02
