-6.690446420886839718e-01
2.562635025378113163e+00
1.113949207289885557e+01
1.643200823510827391e+01
1.841697922763663620e+00
1.384347816496249983e+01
9.160411613047783064e+00
7.576719576480293483e+00
1.098830586407574650e+01
7.880665205926497663e+00
1.753095421515800467e+01
1.410012719705504303e+01
1.719599829181386852e+01
2.653845008667472882e+01
2.646638092276943155e+01
1.470339056169611425e+01
1.249041221746092845e+01
2.438495864185102846e+01
1.608033525259951091e+01
2.924087053189533947e+01
2.044229825132297407e+01
2.070058768887859557e+01
2.874223537638861359e+01
2.963705217597917851e+01
2.244524508778882677e+01
3.459709495037475335e+01
2.448841015229523776e+01
3.913693403144323213e+01
3.825251359558094322e+01
2.861487047219149105e+01
4.801880433519111335e+01
4.667489967356674896e+01
4.847831286517521221e+01
3.340953319346868966e+01
3.389819808307462523e+01
4.718008525497194228e+01
3.851460744503718558e+01
5.474351741840136754e+01
4.286623928113024107e+01
5.554200225587010209e+01
5.494332727554290585e+01
4.857706886611374841e+01
4.587778392524781168e+01
5.805888622344274808e+01
5.332991612108213531e+01
5.302172220207027920e+01
5.874311770832588309e+01
6.400948454671936361e+01
6.637829683514267742e+01
5.907635858181802746e+01
6.942053567289509886e+01
6.305262184609831166e+01
6.752490031067318910e+01
5.763917582033941756e+01
7.425696794878328433e+01
7.537512142628116862e+01
7.767143257115043298e+01
7.463291212748102055e+01
6.898221990912283275e+01
6.644910624633165241e+01
8.036584054817804201e+01
8.400948248190711354e+01
8.214104604976654400e+01
8.591219759509567666e+01
8.689319942431467325e+01
9.010930560502328035e+01
8.045812705405400322e+01
7.696551792523436575e+01
9.447807213529929982e+01
8.552228918311131167e+01
9.625744498625351753e+01
9.528934072021648660e+01
9.938098666308542306e+01
9.464816210795868301e+01
9.398702713706995837e+01
8.398081516093679966e+01
8.573027730067137497e+01
9.236150471498316961e+01
1.051146324219814687e+02
9.747196639021147746e+01
1.012992702714002178e+02
1.006241987899600758e+02
9.410326755580103963e+01
9.956094821300068531e+01
9.916098079796162779e+01
1.054548462093170542e+02
1.159076802516946287e+02
1.118939380820245759e+02
1.184226562881980698e+02
1.061195365827876884e+02
1.135865072439029149e+02
1.196673668833572179e+02
1.111290089621364814e+02
1.221735812163752257e+02
1.209350911807998443e+02
1.110602688627446355e+02
1.148876564552210056e+02
1.133804272863097822e+02
1.280987031674267769e+02
1.299107269238286335e+02
