-1.636630013837683251e+00
1.146642348731539229e+01
4.784804730706504472e+00
-1.282333264225181679e+00
4.072680394158121331e+00
1.159225080483139081e+01
-8.972835906158493913e-01
6.487297237478152567e+00
1.253728692545416834e+01
-4.718591224070234347e+00
3.332329975724235283e+00
-6.777702783720975788e+00
-2.281135507052452382e+00
-1.543769008522559716e+00
9.954452964284449479e+00
2.944188673110431864e+00
8.030630120266085470e+00
6.930434736387276473e-01
-5.270465503881201386e+00
-5.106189291980214762e+00
4.637760609617497920e+00
-2.338047040931533260e+00
-6.464014487185510305e+00
3.210354068842580233e-01
-4.557097871553340340e+00
1.082340464626332377e+00
-3.819989244701449849e+00
2.127647091303215277e+00
2.841494022243955087e+00
1.176739748965967891e+00
5.743403332587208254e+00
-4.878225718518107712e+00
-4.710563760203649863e+00
1.093480154694738715e+01
7.493878367686900077e+00
4.905249250776490655e+00
-6.731027021043381353e+00
1.293521319945629244e+01
1.093456081018573656e+01
2.369336307481102466e+00
-7.249818984199052352e-02
6.596334755370092395e+00
4.898220747793322616e+00
3.150636784754645703e+00
-5.913062300384648751e+00
3.891379435983715496e+00
1.283598352423535971e+01
5.906986577267343108e+00
4.464990142294995579e-01
2.553616866334170510e+00
7.586914494832702971e+00
-6.395368522904888664e+00
7.375478831250848799e+00
1.141901582016603811e+01
-3.708701563483114860e+00
9.782401141577015125e-01
-6.652707003794336771e+00
-1.375274511146340473e-01
-3.416919797133924241e+00
7.587880065120055306e+00
3.731741696600112235e+00
1.092764152831542646e+01
5.517370654387720563e+00
-5.901662344025535134e+00
6.544697939707827317e+00
-3.761688691228626702e+00
-1.479926607108244418e+00
-1.528062959767956031e+00
9.531560546477727769e+00
-6.305133723676412671e-01
6.666921159747808190e+00
8.773606070125529399e+00
2.077109182903859264e+00
6.176583238445942925e-01
1.988081978007429029e+00
-2.402669530428887867e+00
6.540757366264584149e+00
8.065391262081673673e+00
-4.311341368391737205e+00
-4.213866884742142105e+00
8.797070101758045269e+00
9.729416209428670470e+00
1.222927520580327609e+01
3.585943291760429474e+00
-6.311984470656614832e+00
2.413205163221485705e+00
1.278102339516367891e+01
1.164025264858849695e+01
-3.607607393776926408e+00
-4.506265388617061163e+00
2.172095368344329813e+00
7.395609359126943616e+00
-8.611666408297118380e-01
-2.080125037735651716e-01
4.456085137130134655e-01
-1.141511389694676026e-01
1.932656120237487229e+00
-3.795920488053575070e+00
-3.947817017397463601e+00
6.903092346524726253e-01
