1.431937350147425292e+01
1.290048977009900710e+01
4.305244234224609556e+00
1.141648829995202519e+01
4.108620851258122819e+00
4.656144718562142515e+00
1.317874855020595426e+00
5.308820575346057113e-01
1.305280689885899292e+01
6.267999504268723321e+00
1.195714607012237352e+01
6.246683014668723111e+00
3.746834628958546354e+00
6.547979839437559235e+00
4.179247810365627203e-01
1.338632112286254383e+01
1.115280416027277965e+01
4.776371807282109305e-01
6.885627180932324620e+00
2.467115225666566269e-01
1.564788341488146939e+00
3.447474828132046643e-01
5.928396372945047510e+00
1.434417256573341959e+01
7.058314680623972492e+00
2.947656965459981571e+00
1.341247062446341864e+01
1.157469460741621958e+01
1.029418923431726718e+01
1.181606651025627563e+01
6.036766943687180031e+00
1.463728368410004066e+01
4.500705078853957986e+00
1.210741900771347135e+00
2.905606557605888707e+00
4.535572594912441247e+00
1.473632512331712263e+01
3.275118699336237338e+00
7.883117121166160146e+00
4.262149787264070788e+00
1.174917820402584745e+01
8.413309381436814505e+00
1.016144387137166660e+01
1.220606118449575561e+01
4.318363102811803245e+00
1.165658175012661069e+01
4.709284862799143490e+00
4.403615141283219181e+00
1.354311393529114049e+01
1.048914161289874514e+01
1.075964227063215439e+01
1.039797418213670710e+01
8.758939445715144601e+00
2.434403083863074357e+00
9.810006833252865377e+00
1.398230378525433970e+00
5.299059011925015383e+00
2.328838184653517551e+00
6.491804193294204772e+00
1.016601789848982484e+01
3.016386877867374583e+00
8.266191200914407844e+00
4.350856996988416547e+00
3.142893377233204610e+00
1.418661430110022792e+01
3.864015118613002286e+00
3.313014300486566199e+00
1.265478059615602646e+01
1.101902502335563661e+01
8.244644992829638142e+00
2.935957101157151694e+00
6.299753217959725760e+00
1.249060537315897967e+01
6.830612982928442101e+00
1.085646319500862234e+01
6.475432455587519343e+00
1.348037409333236880e+01
1.470409853340717099e+01
1.365144345766733824e+00
1.915182855680068297e+00
8.104054888813051249e+00
1.183754155287308407e+01
8.408335727338091203e+00
2.751320727101304264e+00
1.323219142115044278e+01
8.931074737601539582e+00
1.149505152928750462e+01
5.610856663591860638e+00
1.314193125927658556e+01
8.839549227826587474e-01
1.061824011156626923e+01
1.644516014723862440e-01
1.325853550327132524e+01
2.007061251211712971e+00
1.251278210430243476e+01
1.469718989236756812e+01
3.196619436439945616e+00
8.182718532062493111e+00
2.919179484714354178e+00
5.874956383479895017e+00
